dataSet <- "GSE12019";
chipType <- "Mapping250K_Sty";

regions <- c(
  "GSM303672:Chr1@100.1-107.5,cp=103.8+/-0.25,s=0/-1",
  "GSM303672:Chr3@80-90.9,cp=85.3+/-0.25,s=-1/0",
  "GSM303672:Chr4@60.5-65.75,cp=63.40+/-0.25,s=0/1",
  "GSM303672:Chr10@61-69,cp=65.30+/-0.25,s=+1/0",
  "GSM303672:Chr11@78.2-83,cp=80.2+/-0.25,s=0/-1",
  "GSM303672:Chr12@57-63,cp=59.8+/-0.25,s=+1/0"
);

